0 -0 0 0 -0 0 0 -0 0 0.000000000
-0.00054499 -0.0108998 -0.108998 -0.005 -0.1 -1 -0.00459189 -0.0918378 -0.918378 0.100000000
-0.00217996 -0.0217996 -0.108998 -0.02 -0.2 -1 -0.0183676 -0.183676 -0.918378 0.200000000
-0.00490491 -0.0326994 -0.108998 -0.045 -0.299999 -1 -0.041327 -0.275513 -0.918378 0.300000000
-0.00871984 -0.0435992 -0.108998 -0.0799999 -0.399999 -1 -0.0734702 -0.367351 -0.918378 0.400000000
-0.0136247 -0.0544989 -0.108998 -0.125 -0.499999 -1 -0.114797 -0.459188 -0.918378 0.500000000
-0.0196196 -0.0653987 -0.108998 -0.18 -0.599998 -1 -0.165308 -0.551025 -0.918378 0.600000000
-0.0267045 -0.0762984 -0.108998 -0.245 -0.699998 -1 -0.225002 -0.642863 -0.918378 0.700000000
-0.0348793 -0.0871982 -0.108998 -0.319999 -0.799998 -1 -0.29388 -0.7347 -0.918378 0.800000000
-0.0441441 -0.098098 -0.108998 -0.404999 -0.899997 -1 -0.371942 -0.826538 -0.918378 0.900000000
-0.0544989 -0.108997 -0.108715 -0.499999 -0.999994 -0.9974 -0.459188 -0.918373 -0.91599 1.000000000
-0.0653987 -0.108998 -1.18297e-11 -0.599999 -1 -1.08536e-10 -0.551026 -0.918378 -9.97118e-11 1.100000000
-0.0762985 -0.108998 -1.15031e-11 -0.699999 -1 -1.12474e-10 -0.642864 -0.918378 -9.7137e-11 1.200000000
-0.0871983 -0.108998 6.00636e-12 -0.799999 -1 5.50326e-11 -0.734701 -0.918378 5.07204e-11 1.300000000
-0.0980981 -0.108998 5.96344e-12 -0.899999 -1 5.43472e-11 -0.826539 -0.918378 5.01667e-11 1.400000000
-0.108998 -0.108998 5.93489e-12 -0.999999 -1 5.43436e-11 -0.918377 -0.918378 4.99961e-11 1.500000000
-0.119898 -0.108998 5.93316e-12 -1.1 -1 5.42785e-11 -1.01021 -0.918378 4.99635e-11 1.600000000
-0.130317 -0.0987672 0.108998 -1.19559 -0.906137 1 -1.09801 -0.832176 0.918378 1.700000000
-0.139649 -0.0878674 0.108998 -1.28121 -0.806137 1 -1.17663 -0.740338 0.918378 1.800000000
-0.147891 -0.0769675 0.108998 -1.35682 -0.706137 1 -1.24607 -0.6485 0.918378 1.900000000
-0.155043 -0.0660677 0.108998 -1.42243 -0.606137 1 -1.30633 -0.556663 0.918378 2.000000000
-0.161104 -0.0551679 0.108998 -1.47805 -0.506137 1 -1.35741 -0.464825 0.918378 2.100000000
-0.166076 -0.0442681 0.108998 -1.52366 -0.406137 1 -1.3993 -0.372987 0.918378 2.200000000
-0.169958 -0.0333683 0.108998 -1.55928 -0.306137 1 -1.432 -0.281149 0.918378 2.300000000
-0.17275 -0.0224685 0.108998 -1.58489 -0.206137 1 -1.45553 -0.189311 0.918378 2.400000000
-0.174452 -0.0115687 0.108998 -1.6005 -0.106137 1 -1.46987 -0.0974736 0.918378 2.500000000
-0.175064 -0.000668889 0.108998 -1.60612 -0.0061367 1 -1.47502 -0.00563581 0.918378 2.600000000
-0.175066 3.45307e-18 0.108998 -1.60614 3.16801e-17 1 -1.47504 2.90943e-17 0.918378 2.606136700
